425
(A) Bulletins
(B) General
(C) Japanimation
(D) TARDIS 204
(E) ThE rOmPeR rOoM
(F) CERTS
(G) Music
(H) The Written Word
(I) Silly Putty
(J) Windaria
(K) AGL
(L) Who knows?
(M)
(N)
(O)
(P)
(Q)
(R)
(S)
(T)
(U)
(V)
(W)
(X) Sargeant's Mess
(Y)
(Z)
1
1
1
1
1
1
1
1
1
4
2
2
1
1
1
1
1
1
1
1
1
1
1
1
1
1
22
158
100
20
96
12
159
42
7
48
7
31
1
1
1
1
1
1
1
1
1
1
1
51
1
10
17
156
96
20
95
12
159
42
7
45
6
30
1
1
1
1
1
1
1
1
1
1
1
51
1
10
800
800
300
300
300
300
300
300
300
100
100
100
100
100
100
100
100
100
100
100
100
100
100
100
100
100
200
10
10
10
10
10
10
10
10
10
10
10
10
10
10
10
10
10
10
10
10
10
10
100
200
255
1
1
10
10
10
10
10
10
10
10
10
10
255
255
255
255
255
255
255
255
255
255
255
100
254
255
1
1
10
10
10
10
10
10
10
10
200
200
10
10
10
10
10
10
10
10
10
10
10
10
10
10
200
200
200
200
200
200
200
200
200
200
200
200
200
200
200
200
200
200
200
200
200
200
200
200
200
200
0
0
0
0
4
0
0
0
0
0
0
3
0
0
0
0
0
0
0
0
0
0
0
0
0
2
